n1<-10
n2<-10
n1
n2